   5.0014000e+02
   5.0040000e+02
   5.0067000e+02
   5.0093000e+02
   5.0119000e+02
   5.0145000e+02
   5.0171000e+02
   5.0197000e+02
   5.0224000e+02
   5.0250000e+02
   5.0276000e+02
   5.0302000e+02
   5.0328000e+02
   5.0354000e+02
   5.0381000e+02
   5.0407000e+02
   5.0433000e+02
   5.0459000e+02
   5.0485000e+02
   5.0511000e+02
   5.0537000e+02
   5.0564000e+02
   5.0590000e+02
   5.0616000e+02
   5.0642000e+02
   5.0668000e+02
   5.0694000e+02
   5.0721000e+02
   5.0747000e+02
   5.0773000e+02
   5.0799000e+02
   5.0825000e+02
   5.0851000e+02
   5.0877000e+02
   5.0904000e+02
   5.0930000e+02
   5.0956000e+02
   5.0982000e+02
   5.1008000e+02
   5.1034000e+02
   5.1060000e+02
   5.1086000e+02
   5.1113000e+02
   5.1139000e+02
   5.1165000e+02
   5.1191000e+02
   5.1217000e+02
   5.1243000e+02
   5.1269000e+02
   5.1296000e+02
   5.1322000e+02
   5.1348000e+02
   5.1374000e+02
   5.1400000e+02
   5.1426000e+02
   5.1452000e+02
   5.1478000e+02
   5.1504000e+02
   5.1531000e+02
   5.1557000e+02
   5.1583000e+02
   5.1609000e+02
   5.1635000e+02
   5.1661000e+02
   5.1687000e+02
   5.1713000e+02
   5.1740000e+02
   5.1766000e+02
   5.1792000e+02
   5.1818000e+02
   5.1844000e+02
   5.1870000e+02
   5.1896000e+02
   5.1922000e+02
   5.1948000e+02
   5.1975000e+02
   5.2001000e+02
   5.2027000e+02
   5.2053000e+02
   5.2079000e+02
   5.2105000e+02
   5.2131000e+02
   5.2157000e+02
   5.2183000e+02
   5.2209000e+02
   5.2236000e+02
   5.2262000e+02
   5.2288000e+02
   5.2314000e+02
   5.2340000e+02
   5.2366000e+02
   5.2392000e+02
   5.2418000e+02
   5.2444000e+02
   5.2470000e+02
   5.2496000e+02
   5.2523000e+02
   5.2549000e+02
   5.2575000e+02
   5.2601000e+02
   5.2627000e+02
   5.2653000e+02
   5.2679000e+02
   5.2705000e+02
   5.2731000e+02
   5.2757000e+02
   5.2783000e+02
   5.2809000e+02
   5.2836000e+02
   5.2862000e+02
   5.2888000e+02
   5.2914000e+02
   5.2940000e+02
   5.2966000e+02
   5.2992000e+02
   5.3018000e+02
   5.3044000e+02
   5.3070000e+02
   5.3096000e+02
   5.3122000e+02
   5.3148000e+02
   5.3174000e+02
   5.3201000e+02
   5.3227000e+02
   5.3253000e+02
   5.3279000e+02
   5.3305000e+02
   5.3331000e+02
   5.3357000e+02
   5.3383000e+02
   5.3409000e+02
   5.3435000e+02
   5.3461000e+02
   5.3487000e+02
   5.3513000e+02
   5.3539000e+02
   5.3565000e+02
   5.3591000e+02
   5.3617000e+02
   5.3643000e+02
   5.3670000e+02
   5.3696000e+02
   5.3722000e+02
   5.3748000e+02
   5.3774000e+02
   5.3800000e+02
   5.3826000e+02
   5.3852000e+02
   5.3878000e+02
   5.3904000e+02
   5.3930000e+02
   5.3956000e+02
   5.3982000e+02
   5.4008000e+02
   5.4034000e+02
   5.4060000e+02
   5.4086000e+02
   5.4112000e+02
   5.4138000e+02
   5.4164000e+02
   5.4190000e+02
   5.4216000e+02
   5.4242000e+02
   5.4268000e+02
   5.4294000e+02
   5.4321000e+02
   5.4347000e+02
   5.4373000e+02
   5.4399000e+02
   5.4425000e+02
   5.4451000e+02
   5.4477000e+02
   5.4503000e+02
   5.4529000e+02
   5.4555000e+02
   5.4581000e+02
   5.4607000e+02
   5.4633000e+02
   5.4659000e+02
   5.4685000e+02
   5.4711000e+02
   5.4737000e+02
   5.4763000e+02
   5.4789000e+02
   5.4815000e+02
   5.4841000e+02
   5.4867000e+02
   5.4893000e+02
   5.4919000e+02
   5.4945000e+02
   5.4971000e+02
   5.4997000e+02
   5.5023000e+02
   5.5049000e+02
   5.5075000e+02
   5.5101000e+02
   5.5127000e+02
   5.5153000e+02
   5.5179000e+02
   5.5205000e+02
   5.5231000e+02
   5.5257000e+02
   5.5283000e+02
   5.5309000e+02
   5.5335000e+02
   5.5361000e+02
   5.5387000e+02
   5.5413000e+02
   5.5439000e+02
   5.5465000e+02
   5.5491000e+02
   5.5517000e+02
   5.5543000e+02
   5.5569000e+02
   5.5595000e+02
   5.5621000e+02
   5.5647000e+02
   5.5673000e+02
   5.5699000e+02
   5.5725000e+02
   5.5751000e+02
   5.5777000e+02
   5.5803000e+02
   5.5829000e+02
   5.5855000e+02
   5.5881000e+02
   5.5907000e+02
   5.5933000e+02
   5.5959000e+02
   5.5985000e+02
   5.6011000e+02
   5.6037000e+02
   5.6062000e+02
   5.6088000e+02
   5.6114000e+02
   5.6140000e+02
   5.6166000e+02
   5.6192000e+02
   5.6218000e+02
   5.6244000e+02
   5.6270000e+02
   5.6296000e+02
   5.6322000e+02
   5.6348000e+02
   5.6374000e+02
   5.6400000e+02
   5.6426000e+02
   5.6452000e+02
   5.6478000e+02
   5.6504000e+02
   5.6530000e+02
   5.6556000e+02
   5.6582000e+02
   5.6608000e+02
   5.6634000e+02
   5.6660000e+02
   5.6686000e+02
   5.6711000e+02
   5.6737000e+02
   5.6763000e+02
   5.6789000e+02
   5.6815000e+02
   5.6841000e+02
   5.6867000e+02
   5.6893000e+02
   5.6919000e+02
   5.6945000e+02
   5.6971000e+02
   5.6997000e+02
   5.7023000e+02
   5.7049000e+02
   5.7075000e+02
   5.7101000e+02
   5.7127000e+02
   5.7153000e+02
   5.7178000e+02
   5.7204000e+02
   5.7230000e+02
   5.7256000e+02
   5.7282000e+02
   5.7308000e+02
   5.7334000e+02
   5.7360000e+02
   5.7386000e+02
   5.7412000e+02
   5.7438000e+02
   5.7464000e+02
   5.7490000e+02
   5.7516000e+02
   5.7541000e+02
   5.7567000e+02
   5.7593000e+02
   5.7619000e+02
   5.7645000e+02
   5.7671000e+02
   5.7697000e+02
   5.7723000e+02
   5.7749000e+02
   5.7775000e+02
   5.7801000e+02
   5.7827000e+02
   5.7852000e+02
   5.7878000e+02
   5.7904000e+02
   5.7930000e+02
   5.7956000e+02
   5.7982000e+02
   5.8008000e+02
   5.8034000e+02
   5.8060000e+02
   5.8086000e+02
   5.8111000e+02
   5.8137000e+02
   5.8163000e+02
   5.8189000e+02
   5.8215000e+02
   5.8241000e+02
   5.8267000e+02
   5.8293000e+02
   5.8319000e+02
   5.8345000e+02
   5.8370000e+02
   5.8396000e+02
   5.8422000e+02
   5.8448000e+02
   5.8474000e+02
   5.8500000e+02
   5.8526000e+02
   5.8552000e+02
   5.8578000e+02
   5.8603000e+02
   5.8629000e+02
   5.8655000e+02
   5.8681000e+02
   5.8707000e+02
   5.8733000e+02
   5.8759000e+02
   5.8785000e+02
   5.8811000e+02
   5.8836000e+02
   5.8862000e+02
   5.8888000e+02
   5.8914000e+02
   5.8940000e+02
   5.8966000e+02
   5.8992000e+02
   5.9018000e+02
   5.9043000e+02
   5.9069000e+02
   5.9095000e+02
   5.9121000e+02
   5.9147000e+02
   5.9173000e+02
   5.9199000e+02
   5.9224000e+02
   5.9250000e+02
   5.9276000e+02
   5.9302000e+02
   5.9328000e+02
   5.9354000e+02
   5.9380000e+02
   5.9406000e+02
   5.9431000e+02
   5.9457000e+02
   5.9483000e+02
   5.9509000e+02
   5.9535000e+02
   5.9561000e+02
   5.9587000e+02
   5.9612000e+02
   5.9638000e+02
   5.9664000e+02
   5.9690000e+02
   5.9716000e+02
   5.9742000e+02
   5.9767000e+02
   5.9793000e+02
   5.9819000e+02
   5.9845000e+02
   5.9871000e+02
   5.9897000e+02
   5.9923000e+02
   5.9948000e+02
   5.9974000e+02
   6.0000000e+02
   6.0026000e+02
   6.0052000e+02
   6.0078000e+02
   6.0103000e+02
   6.0129000e+02
   6.0155000e+02
   6.0181000e+02
   6.0207000e+02
   6.0233000e+02
   6.0258000e+02
   6.0284000e+02
   6.0310000e+02
   6.0336000e+02
   6.0362000e+02
   6.0388000e+02
   6.0413000e+02
   6.0439000e+02
   6.0465000e+02
   6.0491000e+02
   6.0517000e+02
   6.0542000e+02
   6.0568000e+02
   6.0594000e+02
   6.0620000e+02
   6.0646000e+02
   6.0672000e+02
   6.0697000e+02
   6.0723000e+02
   6.0749000e+02
   6.0775000e+02
   6.0801000e+02
   6.0826000e+02
   6.0852000e+02
   6.0878000e+02
   6.0904000e+02
   6.0930000e+02
   6.0955000e+02
   6.0981000e+02
   6.1007000e+02
   6.1033000e+02
   6.1059000e+02
   6.1085000e+02
   6.1110000e+02
   6.1136000e+02
   6.1162000e+02
   6.1188000e+02
   6.1214000e+02
   6.1239000e+02
   6.1265000e+02
   6.1291000e+02
   6.1317000e+02
   6.1342000e+02
   6.1368000e+02
   6.1394000e+02
   6.1420000e+02
   6.1446000e+02
   6.1471000e+02
   6.1497000e+02
   6.1523000e+02
   6.1549000e+02
   6.1575000e+02
   6.1600000e+02
   6.1626000e+02
   6.1652000e+02
   6.1678000e+02
   6.1703000e+02
   6.1729000e+02
   6.1755000e+02
   6.1781000e+02
   6.1807000e+02
   6.1832000e+02
   6.1858000e+02
   6.1884000e+02
   6.1910000e+02
   6.1935000e+02
   6.1961000e+02
   6.1987000e+02
   6.2013000e+02
   6.2039000e+02
   6.2064000e+02
   6.2090000e+02
   6.2116000e+02
   6.2142000e+02
   6.2167000e+02
   6.2193000e+02
   6.2219000e+02
   6.2245000e+02
   6.2270000e+02
   6.2296000e+02
   6.2322000e+02
   6.2348000e+02
   6.2373000e+02
   6.2399000e+02
   6.2425000e+02
   6.2451000e+02
   6.2477000e+02
   6.2502000e+02
   6.2528000e+02
   6.2554000e+02
   6.2580000e+02
   6.2605000e+02
   6.2631000e+02
   6.2657000e+02
   6.2683000e+02
   6.2708000e+02
   6.2734000e+02
   6.2760000e+02
   6.2786000e+02
   6.2811000e+02
   6.2837000e+02
   6.2863000e+02
   6.2888000e+02
   6.2914000e+02
   6.2940000e+02
   6.2966000e+02
   6.2991000e+02
   6.3017000e+02
   6.3043000e+02
   6.3069000e+02
   6.3094000e+02
   6.3120000e+02
   6.3146000e+02
   6.3172000e+02
   6.3197000e+02
   6.3223000e+02
   6.3249000e+02
   6.3274000e+02
   6.3300000e+02
   6.3326000e+02
   6.3352000e+02
   6.3377000e+02
   6.3403000e+02
   6.3429000e+02
   6.3455000e+02
   6.3480000e+02
   6.3506000e+02
   6.3532000e+02
   6.3557000e+02
   6.3583000e+02
   6.3609000e+02
   6.3635000e+02
   6.3660000e+02
   6.3686000e+02
   6.3712000e+02
   6.3737000e+02
   6.3763000e+02
   6.3789000e+02
   6.3815000e+02
   6.3840000e+02
   6.3866000e+02
   6.3892000e+02
   6.3917000e+02
   6.3943000e+02
   6.3969000e+02
   6.3994000e+02
   6.4020000e+02
   6.4046000e+02
   6.4072000e+02
   6.4097000e+02
   6.4123000e+02
   6.4149000e+02
   6.4174000e+02
   6.4200000e+02
   6.4226000e+02
   6.4251000e+02
   6.4277000e+02
   6.4303000e+02
   6.4329000e+02
   6.4354000e+02
   6.4380000e+02
   6.4406000e+02
   6.4431000e+02
   6.4457000e+02
   6.4483000e+02
   6.4508000e+02
   6.4534000e+02
   6.4560000e+02
   6.4585000e+02
   6.4611000e+02
   6.4637000e+02
   6.4662000e+02
   6.4688000e+02
   6.4714000e+02
   6.4739000e+02
   6.4765000e+02
   6.4791000e+02
   6.4816000e+02
   6.4842000e+02
   6.4868000e+02
   6.4893000e+02
   6.4919000e+02
   6.4945000e+02
   6.4970000e+02
   6.4996000e+02
   6.5022000e+02
   6.5047000e+02
   6.5073000e+02
   6.5099000e+02
   6.5124000e+02
   6.5150000e+02
   6.5176000e+02
   6.5201000e+02
   6.5227000e+02
   6.5253000e+02
   6.5278000e+02
   6.5304000e+02
   6.5330000e+02
   6.5355000e+02
   6.5381000e+02
   6.5407000e+02
   6.5432000e+02
   6.5458000e+02
   6.5484000e+02
   6.5509000e+02
   6.5535000e+02
   6.5561000e+02
   6.5586000e+02
   6.5612000e+02
   6.5638000e+02
   6.5663000e+02
   6.5689000e+02
   6.5714000e+02
   6.5740000e+02
   6.5766000e+02
   6.5791000e+02
   6.5817000e+02
   6.5843000e+02
   6.5868000e+02
   6.5894000e+02
   6.5920000e+02
   6.5945000e+02
   6.5971000e+02
   6.5996000e+02
   6.6022000e+02
   6.6048000e+02
   6.6073000e+02
   6.6099000e+02
   6.6125000e+02
   6.6150000e+02
   6.6176000e+02
   6.6202000e+02
   6.6227000e+02
   6.6253000e+02
   6.6278000e+02
   6.6304000e+02
   6.6330000e+02
   6.6355000e+02
   6.6381000e+02
   6.6406000e+02
   6.6432000e+02
   6.6458000e+02
   6.6483000e+02
   6.6509000e+02
   6.6535000e+02
   6.6560000e+02
   6.6586000e+02
   6.6611000e+02
   6.6637000e+02
   6.6663000e+02
   6.6688000e+02
   6.6714000e+02
   6.6739000e+02
   6.6765000e+02
   6.6791000e+02
   6.6816000e+02
   6.6842000e+02
   6.6867000e+02
   6.6893000e+02
   6.6919000e+02
   6.6944000e+02
   6.6970000e+02
   6.6995000e+02
   6.7021000e+02
   6.7047000e+02
   6.7072000e+02
   6.7098000e+02
   6.7123000e+02
   6.7149000e+02
   6.7175000e+02
   6.7200000e+02
   6.7226000e+02
   6.7251000e+02
   6.7277000e+02
   6.7303000e+02
   6.7328000e+02
   6.7354000e+02
   6.7379000e+02
   6.7405000e+02
   6.7430000e+02
   6.7456000e+02
   6.7482000e+02
   6.7507000e+02
   6.7533000e+02
   6.7558000e+02
   6.7584000e+02
   6.7609000e+02
   6.7635000e+02
   6.7661000e+02
   6.7686000e+02
   6.7712000e+02
   6.7737000e+02
   6.7763000e+02
   6.7788000e+02
   6.7814000e+02
   6.7840000e+02
   6.7865000e+02
   6.7891000e+02
   6.7916000e+02
   6.7942000e+02
   6.7967000e+02
   6.7993000e+02
   6.8019000e+02
   6.8044000e+02
   6.8070000e+02
   6.8095000e+02
   6.8121000e+02
   6.8146000e+02
   6.8172000e+02
   6.8197000e+02
   6.8223000e+02
   6.8249000e+02
   6.8274000e+02
   6.8300000e+02
   6.8325000e+02
   6.8351000e+02
   6.8376000e+02
   6.8402000e+02
   6.8427000e+02
   6.8453000e+02
   6.8479000e+02
   6.8504000e+02
   6.8530000e+02
   6.8555000e+02
   6.8581000e+02
   6.8606000e+02
   6.8632000e+02
   6.8657000e+02
   6.8683000e+02
   6.8708000e+02
   6.8734000e+02
   6.8759000e+02
   6.8785000e+02
   6.8811000e+02
   6.8836000e+02
   6.8862000e+02
   6.8887000e+02
   6.8913000e+02
   6.8938000e+02
   6.8964000e+02
   6.8989000e+02
   6.9015000e+02
   6.9040000e+02
   6.9066000e+02
   6.9091000e+02
   6.9117000e+02
   6.9142000e+02
   6.9168000e+02
   6.9193000e+02
   6.9219000e+02
   6.9244000e+02
   6.9270000e+02
   6.9295000e+02
   6.9321000e+02
   6.9346000e+02
   6.9372000e+02
   6.9398000e+02
   6.9423000e+02
   6.9449000e+02
   6.9474000e+02
   6.9500000e+02
   6.9525000e+02
   6.9551000e+02
   6.9576000e+02
   6.9602000e+02
   6.9627000e+02
   6.9653000e+02
   6.9678000e+02
   6.9704000e+02
   6.9729000e+02
   6.9755000e+02
   6.9780000e+02
   6.9806000e+02
   6.9831000e+02
   6.9857000e+02
   6.9882000e+02
   6.9908000e+02
   6.9933000e+02
   6.9959000e+02
   6.9984000e+02
   7.0010000e+02
   7.0035000e+02
   7.0060000e+02
   7.0086000e+02
   7.0111000e+02
   7.0137000e+02
   7.0162000e+02
   7.0188000e+02
   7.0213000e+02
   7.0239000e+02
   7.0264000e+02
   7.0290000e+02
   7.0315000e+02
   7.0341000e+02
   7.0366000e+02
   7.0392000e+02
   7.0417000e+02
   7.0443000e+02
   7.0468000e+02
   7.0494000e+02
   7.0519000e+02
   7.0545000e+02
   7.0570000e+02
   7.0596000e+02
   7.0621000e+02
   7.0646000e+02
   7.0672000e+02
   7.0697000e+02
   7.0723000e+02
   7.0748000e+02
   7.0774000e+02
   7.0799000e+02
   7.0825000e+02
   7.0850000e+02
   7.0876000e+02
   7.0901000e+02
   7.0927000e+02
   7.0952000e+02
   7.0977000e+02
   7.1003000e+02
   7.1028000e+02
   7.1054000e+02
   7.1079000e+02
   7.1105000e+02
   7.1130000e+02
   7.1156000e+02
   7.1181000e+02
   7.1206000e+02
   7.1232000e+02
   7.1257000e+02
   7.1283000e+02
   7.1308000e+02
   7.1334000e+02
   7.1359000e+02
   7.1385000e+02
   7.1410000e+02
   7.1435000e+02
   7.1461000e+02
   7.1486000e+02
   7.1512000e+02
   7.1537000e+02
   7.1563000e+02
   7.1588000e+02
   7.1614000e+02
   7.1639000e+02
   7.1664000e+02
   7.1690000e+02
   7.1715000e+02
   7.1741000e+02
   7.1766000e+02
   7.1792000e+02
   7.1817000e+02
   7.1842000e+02
   7.1868000e+02
   7.1893000e+02
   7.1919000e+02
   7.1944000e+02
   7.1969000e+02
   7.1995000e+02
   7.2020000e+02
   7.2046000e+02
   7.2071000e+02
   7.2097000e+02
   7.2122000e+02
   7.2147000e+02
   7.2173000e+02
   7.2198000e+02
   7.2224000e+02
   7.2249000e+02
   7.2274000e+02
   7.2300000e+02
   7.2325000e+02
   7.2351000e+02
   7.2376000e+02
   7.2401000e+02
   7.2427000e+02
   7.2452000e+02
   7.2478000e+02
   7.2503000e+02
   7.2528000e+02
   7.2554000e+02
   7.2579000e+02
   7.2605000e+02
   7.2630000e+02
   7.2655000e+02
   7.2681000e+02
   7.2706000e+02
   7.2732000e+02
   7.2757000e+02
   7.2782000e+02
   7.2808000e+02
   7.2833000e+02
   7.2859000e+02
   7.2884000e+02
   7.2909000e+02
   7.2935000e+02
   7.2960000e+02
   7.2985000e+02
   7.3011000e+02
   7.3036000e+02
   7.3062000e+02
   7.3087000e+02
   7.3112000e+02
   7.3138000e+02
   7.3163000e+02
   7.3188000e+02
   7.3214000e+02
   7.3239000e+02
   7.3265000e+02
   7.3290000e+02
   7.3315000e+02
   7.3341000e+02
   7.3366000e+02
   7.3391000e+02
   7.3417000e+02
   7.3442000e+02
   7.3468000e+02
   7.3493000e+02
   7.3518000e+02
   7.3544000e+02
   7.3569000e+02
   7.3594000e+02
   7.3620000e+02
   7.3645000e+02
   7.3670000e+02
   7.3696000e+02
   7.3721000e+02
   7.3746000e+02
   7.3772000e+02
   7.3797000e+02
   7.3823000e+02
   7.3848000e+02
   7.3873000e+02
   7.3899000e+02
   7.3924000e+02
   7.3949000e+02
   7.3975000e+02
   7.4000000e+02
   7.4025000e+02
   7.4051000e+02
   7.4076000e+02
   7.4101000e+02
   7.4127000e+02
   7.4152000e+02
   7.4177000e+02
   7.4203000e+02
   7.4228000e+02
   7.4253000e+02
   7.4279000e+02
   7.4304000e+02
   7.4329000e+02
   7.4355000e+02
   7.4380000e+02
   7.4405000e+02
   7.4431000e+02
   7.4456000e+02
   7.4481000e+02
   7.4507000e+02
   7.4532000e+02
   7.4557000e+02
   7.4583000e+02
   7.4608000e+02
   7.4633000e+02
   7.4659000e+02
   7.4684000e+02
   7.4709000e+02
   7.4735000e+02
   7.4760000e+02
   7.4785000e+02
   7.4811000e+02
   7.4836000e+02
   7.4861000e+02
   7.4886000e+02
   7.4912000e+02
   7.4937000e+02
   7.4962000e+02
   7.4988000e+02
   7.5013000e+02
   7.5038000e+02
   7.5064000e+02
   7.5089000e+02
   7.5114000e+02
   7.5140000e+02
   7.5165000e+02
   7.5190000e+02
   7.5215000e+02
   7.5241000e+02
   7.5266000e+02
   7.5291000e+02
   7.5317000e+02
   7.5342000e+02
   7.5367000e+02
   7.5392000e+02
   7.5418000e+02
   7.5443000e+02
   7.5468000e+02
   7.5494000e+02
   7.5519000e+02
   7.5544000e+02
   7.5570000e+02
   7.5595000e+02
   7.5620000e+02
   7.5645000e+02
   7.5671000e+02
   7.5696000e+02
   7.5721000e+02
   7.5747000e+02
   7.5772000e+02
   7.5797000e+02
   7.5822000e+02
   7.5848000e+02
   7.5873000e+02
   7.5898000e+02
   7.5923000e+02
   7.5949000e+02
   7.5974000e+02
   7.5999000e+02
   7.6025000e+02
   7.6050000e+02
   7.6075000e+02
   7.6100000e+02
   7.6126000e+02
   7.6151000e+02
   7.6176000e+02
   7.6201000e+02
   7.6227000e+02
   7.6252000e+02
   7.6277000e+02
   7.6302000e+02
   7.6328000e+02
   7.6353000e+02
   7.6378000e+02
   7.6403000e+02
   7.6429000e+02
   7.6454000e+02
   7.6479000e+02
   7.6504000e+02
   7.6530000e+02
   7.6555000e+02
   7.6580000e+02
   7.6605000e+02
   7.6631000e+02
   7.6656000e+02
   7.6681000e+02
   7.6706000e+02
   7.6732000e+02
   7.6757000e+02
   7.6782000e+02
   7.6807000e+02
   7.6833000e+02
   7.6858000e+02
   7.6883000e+02
   7.6908000e+02
   7.6934000e+02
   7.6959000e+02
   7.6984000e+02
   7.7009000e+02
   7.7035000e+02
   7.7060000e+02
   7.7085000e+02
   7.7110000e+02
   7.7135000e+02
   7.7161000e+02
   7.7186000e+02
   7.7211000e+02
   7.7236000e+02
   7.7262000e+02
   7.7287000e+02
   7.7312000e+02
   7.7337000e+02
   7.7362000e+02
   7.7388000e+02
   7.7413000e+02
   7.7438000e+02
   7.7463000e+02
   7.7489000e+02
   7.7514000e+02
   7.7539000e+02
   7.7564000e+02
   7.7589000e+02
   7.7615000e+02
   7.7640000e+02
   7.7665000e+02
   7.7690000e+02
   7.7715000e+02
   7.7741000e+02
   7.7766000e+02
   7.7791000e+02
   7.7816000e+02
   7.7841000e+02
   7.7867000e+02
   7.7892000e+02
   7.7917000e+02
   7.7942000e+02
   7.7967000e+02
   7.7993000e+02
   7.8018000e+02
   7.8043000e+02
   7.8068000e+02
   7.8093000e+02
   7.8119000e+02
   7.8144000e+02
   7.8169000e+02
   7.8194000e+02
   7.8219000e+02
   7.8245000e+02
   7.8270000e+02
   7.8295000e+02
   7.8320000e+02
   7.8345000e+02
   7.8371000e+02
   7.8396000e+02
   7.8421000e+02
   7.8446000e+02
   7.8471000e+02
   7.8496000e+02
   7.8522000e+02
   7.8547000e+02
   7.8572000e+02
   7.8597000e+02
   7.8622000e+02
   7.8647000e+02
   7.8673000e+02
   7.8698000e+02
   7.8723000e+02
   7.8748000e+02
   7.8773000e+02
   7.8798000e+02
   7.8824000e+02
   7.8849000e+02
   7.8874000e+02
   7.8899000e+02
   7.8924000e+02
   7.8949000e+02
   7.8975000e+02
   7.9000000e+02
   7.9025000e+02
   7.9050000e+02
   7.9075000e+02
   7.9100000e+02
   7.9126000e+02
   7.9151000e+02
   7.9176000e+02
   7.9201000e+02
   7.9226000e+02
   7.9251000e+02
   7.9276000e+02
   7.9302000e+02
   7.9327000e+02
   7.9352000e+02
   7.9377000e+02
   7.9402000e+02
   7.9427000e+02
   7.9452000e+02
   7.9478000e+02
   7.9503000e+02
   7.9528000e+02
   7.9553000e+02
   7.9578000e+02
   7.9603000e+02
   7.9628000e+02
   7.9654000e+02
   7.9679000e+02
   7.9704000e+02
   7.9729000e+02
   7.9754000e+02
   7.9779000e+02
   7.9804000e+02
   7.9829000e+02
   7.9855000e+02
   7.9880000e+02
   7.9905000e+02
   7.9930000e+02
   7.9955000e+02
   7.9980000e+02
   8.0005000e+02
   8.0030000e+02
   8.0056000e+02
   8.0081000e+02
   8.0106000e+02
   8.0131000e+02
   8.0156000e+02
   8.0181000e+02
   8.0206000e+02
   8.0231000e+02
   8.0256000e+02
   8.0282000e+02
   8.0307000e+02
   8.0332000e+02
   8.0357000e+02
   8.0382000e+02
   8.0407000e+02
   8.0432000e+02
   8.0457000e+02
   8.0482000e+02
   8.0508000e+02
   8.0533000e+02
   8.0558000e+02
   8.0583000e+02
   8.0608000e+02
   8.0633000e+02
   8.0658000e+02
   8.0683000e+02
   8.0708000e+02
   8.0733000e+02
   8.0758000e+02
   8.0784000e+02
   8.0809000e+02
   8.0834000e+02
   8.0859000e+02
   8.0884000e+02
   8.0909000e+02
   8.0934000e+02
   8.0959000e+02
   8.0984000e+02
   8.1009000e+02
   8.1034000e+02
   8.1059000e+02
   8.1085000e+02
   8.1110000e+02
   8.1135000e+02
   8.1160000e+02
   8.1185000e+02
   8.1210000e+02
   8.1235000e+02
   8.1260000e+02
   8.1285000e+02
   8.1310000e+02
   8.1335000e+02
   8.1360000e+02
   8.1385000e+02
   8.1411000e+02
   8.1436000e+02
   8.1461000e+02
   8.1486000e+02
   8.1511000e+02
   8.1536000e+02
   8.1561000e+02
   8.1586000e+02
   8.1611000e+02
   8.1636000e+02
   8.1661000e+02
   8.1686000e+02
   8.1711000e+02
   8.1736000e+02
   8.1761000e+02
   8.1786000e+02
   8.1811000e+02
   8.1836000e+02
   8.1862000e+02
   8.1887000e+02
   8.1912000e+02
   8.1937000e+02
   8.1962000e+02
   8.1987000e+02
   8.2012000e+02
   8.2037000e+02
   8.2062000e+02
   8.2087000e+02
   8.2112000e+02
   8.2137000e+02
   8.2162000e+02
   8.2187000e+02
   8.2212000e+02
   8.2237000e+02
   8.2262000e+02
   8.2287000e+02
   8.2312000e+02
   8.2337000e+02
   8.2362000e+02
   8.2387000e+02
   8.2412000e+02
   8.2437000e+02
   8.2462000e+02
   8.2487000e+02
   8.2512000e+02
   8.2538000e+02
   8.2563000e+02
   8.2588000e+02
   8.2613000e+02
   8.2638000e+02
   8.2663000e+02
   8.2688000e+02
   8.2713000e+02
   8.2738000e+02
   8.2763000e+02
   8.2788000e+02
   8.2813000e+02
   8.2838000e+02
   8.2863000e+02
   8.2888000e+02
   8.2913000e+02
   8.2938000e+02
   8.2963000e+02
   8.2988000e+02
   8.3013000e+02
   8.3038000e+02
   8.3063000e+02
   8.3088000e+02
   8.3113000e+02
   8.3138000e+02
   8.3163000e+02
   8.3188000e+02
   8.3213000e+02
   8.3238000e+02
   8.3263000e+02
   8.3288000e+02
   8.3313000e+02
   8.3338000e+02
   8.3363000e+02
   8.3388000e+02
   8.3413000e+02
   8.3438000e+02
   8.3463000e+02
   8.3488000e+02
   8.3513000e+02
   8.3538000e+02
   8.3563000e+02
   8.3588000e+02
   8.3613000e+02
   8.3638000e+02
   8.3663000e+02
   8.3688000e+02
   8.3713000e+02
   8.3737000e+02
   8.3762000e+02
   8.3787000e+02
   8.3812000e+02
   8.3837000e+02
   8.3862000e+02
   8.3887000e+02
   8.3912000e+02
   8.3937000e+02
   8.3962000e+02
   8.3987000e+02
   8.4012000e+02
   8.4037000e+02
   8.4062000e+02
   8.4087000e+02
   8.4112000e+02
   8.4137000e+02
   8.4162000e+02
   8.4187000e+02
   8.4212000e+02
   8.4237000e+02
   8.4262000e+02
   8.4287000e+02
   8.4312000e+02
   8.4337000e+02
   8.4362000e+02
   8.4387000e+02
   8.4411000e+02
   8.4436000e+02
   8.4461000e+02
   8.4486000e+02
   8.4511000e+02
   8.4536000e+02
   8.4561000e+02
   8.4586000e+02
   8.4611000e+02
   8.4636000e+02
   8.4661000e+02
   8.4686000e+02
   8.4711000e+02
   8.4736000e+02
   8.4761000e+02
   8.4786000e+02
   8.4811000e+02
   8.4836000e+02
   8.4860000e+02
   8.4885000e+02
   8.4910000e+02
   8.4935000e+02
   8.4960000e+02
   8.4985000e+02
   8.5010000e+02
   8.5035000e+02
   8.5060000e+02
   8.5085000e+02
   8.5110000e+02
   8.5135000e+02
   8.5160000e+02
   8.5184000e+02
   8.5209000e+02
   8.5234000e+02
   8.5259000e+02
   8.5284000e+02
   8.5309000e+02
   8.5334000e+02
   8.5359000e+02
   8.5384000e+02
   8.5409000e+02
   8.5434000e+02
   8.5459000e+02
   8.5483000e+02
   8.5508000e+02
   8.5533000e+02
   8.5558000e+02
   8.5583000e+02
   8.5608000e+02
   8.5633000e+02
   8.5658000e+02
   8.5683000e+02
   8.5708000e+02
   8.5732000e+02
   8.5757000e+02
   8.5782000e+02
   8.5807000e+02
   8.5832000e+02
   8.5857000e+02
   8.5882000e+02
   8.5907000e+02
   8.5932000e+02
   8.5957000e+02
   8.5981000e+02
   8.6006000e+02
   8.6031000e+02
   8.6056000e+02
   8.6081000e+02
   8.6106000e+02
   8.6131000e+02
   8.6156000e+02
   8.6180000e+02
   8.6205000e+02
   8.6230000e+02
   8.6255000e+02
   8.6280000e+02
   8.6305000e+02
   8.6330000e+02
   8.6355000e+02
   8.6380000e+02
   8.6404000e+02
   8.6429000e+02
   8.6454000e+02
   8.6479000e+02
   8.6504000e+02
   8.6529000e+02
   8.6554000e+02
   8.6578000e+02
   8.6603000e+02
   8.6628000e+02
   8.6653000e+02
   8.6678000e+02
   8.6703000e+02
   8.6728000e+02
   8.6752000e+02
   8.6777000e+02
   8.6802000e+02
   8.6827000e+02
   8.6852000e+02
   8.6877000e+02
   8.6902000e+02
   8.6926000e+02
   8.6951000e+02
   8.6976000e+02
   8.7001000e+02
   8.7026000e+02
   8.7051000e+02
   8.7076000e+02
   8.7100000e+02
   8.7125000e+02
   8.7150000e+02
   8.7175000e+02
   8.7200000e+02
   8.7225000e+02
   8.7249000e+02
   8.7274000e+02
   8.7299000e+02
   8.7324000e+02
   8.7349000e+02
   8.7374000e+02
   8.7398000e+02
   8.7423000e+02
   8.7448000e+02
   8.7473000e+02
   8.7498000e+02
   8.7523000e+02
   8.7547000e+02
   8.7572000e+02
   8.7597000e+02
   8.7622000e+02
   8.7647000e+02
   8.7672000e+02
   8.7696000e+02
   8.7721000e+02
   8.7746000e+02
   8.7771000e+02
   8.7796000e+02
   8.7820000e+02
   8.7845000e+02
   8.7870000e+02
   8.7895000e+02
   8.7920000e+02
   8.7945000e+02
   8.7969000e+02
   8.7994000e+02
   8.8019000e+02
   8.8044000e+02
   8.8069000e+02
   8.8093000e+02
   8.8118000e+02
   8.8143000e+02
   8.8168000e+02
   8.8193000e+02
   8.8217000e+02
   8.8242000e+02
   8.8267000e+02
   8.8292000e+02
   8.8317000e+02
   8.8341000e+02
   8.8366000e+02
   8.8391000e+02
   8.8416000e+02
   8.8441000e+02
   8.8465000e+02
   8.8490000e+02
   8.8515000e+02
   8.8540000e+02
   8.8565000e+02
   8.8589000e+02
   8.8614000e+02
   8.8639000e+02
   8.8664000e+02
   8.8688000e+02
   8.8713000e+02
   8.8738000e+02
   8.8763000e+02
   8.8788000e+02
   8.8812000e+02
   8.8837000e+02
   8.8862000e+02
   8.8887000e+02
   8.8911000e+02
   8.8936000e+02
   8.8961000e+02
   8.8986000e+02
   8.9011000e+02
   8.9035000e+02
   8.9060000e+02
   8.9085000e+02
   8.9110000e+02
   8.9134000e+02
   8.9159000e+02
   8.9184000e+02
   8.9209000e+02
   8.9233000e+02
   8.9258000e+02
   8.9283000e+02
   8.9308000e+02
   8.9332000e+02
   8.9357000e+02
   8.9382000e+02
   8.9407000e+02
   8.9431000e+02
   8.9456000e+02
   8.9481000e+02
   8.9506000e+02
   8.9530000e+02
   8.9555000e+02
   8.9580000e+02
   8.9605000e+02
   8.9629000e+02
   8.9654000e+02
   8.9679000e+02
   8.9704000e+02
   8.9728000e+02
   8.9753000e+02
   8.9778000e+02
   8.9803000e+02
   8.9827000e+02
   8.9852000e+02
   8.9877000e+02
   8.9902000e+02
   8.9926000e+02
   8.9951000e+02
   8.9976000e+02
   9.0000000e+02
   9.0025000e+02
   9.0050000e+02
   9.0075000e+02
   9.0099000e+02
   9.0124000e+02
   9.0149000e+02
   9.0174000e+02
   9.0198000e+02
   9.0223000e+02
   9.0248000e+02
   9.0272000e+02
   9.0297000e+02
   9.0322000e+02
   9.0347000e+02
   9.0371000e+02
   9.0396000e+02
   9.0421000e+02
   9.0445000e+02
   9.0470000e+02
   9.0495000e+02
   9.0520000e+02
   9.0544000e+02
   9.0569000e+02
   9.0594000e+02
   9.0618000e+02
   9.0643000e+02
   9.0668000e+02
   9.0692000e+02
   9.0717000e+02
   9.0742000e+02
   9.0767000e+02
   9.0791000e+02
   9.0816000e+02
   9.0841000e+02
   9.0865000e+02
   9.0890000e+02
   9.0915000e+02
   9.0939000e+02
   9.0964000e+02
   9.0989000e+02
   9.1013000e+02
   9.1038000e+02
   9.1063000e+02
   9.1088000e+02
   9.1112000e+02
   9.1137000e+02
   9.1162000e+02
   9.1186000e+02
   9.1211000e+02
   9.1236000e+02
   9.1260000e+02
   9.1285000e+02
   9.1310000e+02
   9.1334000e+02
   9.1359000e+02
   9.1384000e+02
   9.1408000e+02
   9.1433000e+02
   9.1458000e+02
   9.1482000e+02
   9.1507000e+02
   9.1532000e+02
   9.1556000e+02
   9.1581000e+02
   9.1606000e+02
   9.1630000e+02
   9.1655000e+02
   9.1680000e+02
   9.1704000e+02
   9.1729000e+02
   9.1754000e+02
   9.1778000e+02
   9.1803000e+02
   9.1828000e+02
   9.1852000e+02
   9.1877000e+02
   9.1902000e+02
   9.1926000e+02
   9.1951000e+02
   9.1976000e+02
   9.2000000e+02
   9.2025000e+02
   9.2049000e+02
   9.2074000e+02
   9.2099000e+02
   9.2123000e+02
   9.2148000e+02
   9.2173000e+02
   9.2197000e+02
   9.2222000e+02
   9.2247000e+02
   9.2271000e+02
   9.2296000e+02
   9.2321000e+02
   9.2345000e+02
   9.2370000e+02
   9.2394000e+02
   9.2419000e+02
   9.2444000e+02
   9.2468000e+02
   9.2493000e+02
   9.2518000e+02
   9.2542000e+02
   9.2567000e+02
   9.2591000e+02
   9.2616000e+02
   9.2641000e+02
   9.2665000e+02
   9.2690000e+02
   9.2715000e+02
   9.2739000e+02
   9.2764000e+02
   9.2788000e+02
   9.2813000e+02
   9.2838000e+02
   9.2862000e+02
   9.2887000e+02
   9.2911000e+02
   9.2936000e+02
   9.2961000e+02
   9.2985000e+02
   9.3010000e+02
   9.3035000e+02
   9.3059000e+02
   9.3084000e+02
   9.3108000e+02
   9.3133000e+02
   9.3158000e+02
   9.3182000e+02
   9.3207000e+02
   9.3231000e+02
   9.3256000e+02
   9.3281000e+02
   9.3305000e+02
   9.3330000e+02
   9.3354000e+02
   9.3379000e+02
   9.3403000e+02
   9.3428000e+02
   9.3453000e+02
   9.3477000e+02
   9.3502000e+02
   9.3526000e+02
   9.3551000e+02
   9.3576000e+02
   9.3600000e+02
   9.3625000e+02
   9.3649000e+02
   9.3674000e+02
   9.3698000e+02
   9.3723000e+02
   9.3748000e+02
   9.3772000e+02
   9.3797000e+02
   9.3821000e+02
   9.3846000e+02
   9.3871000e+02
   9.3895000e+02
   9.3920000e+02
   9.3944000e+02
   9.3969000e+02
   9.3993000e+02
   9.4018000e+02
   9.4042000e+02
   9.4067000e+02
   9.4092000e+02
   9.4116000e+02
   9.4141000e+02
   9.4165000e+02
   9.4190000e+02
   9.4214000e+02
   9.4239000e+02
   9.4264000e+02
   9.4288000e+02
   9.4313000e+02
   9.4337000e+02
   9.4362000e+02
   9.4386000e+02
   9.4411000e+02
   9.4435000e+02
   9.4460000e+02
   9.4484000e+02
   9.4509000e+02
   9.4534000e+02
   9.4558000e+02
   9.4583000e+02
   9.4607000e+02
   9.4632000e+02
   9.4656000e+02
   9.4681000e+02
   9.4705000e+02
   9.4730000e+02
   9.4754000e+02
   9.4779000e+02
   9.4803000e+02
   9.4828000e+02
   9.4853000e+02
   9.4877000e+02
   9.4902000e+02
   9.4926000e+02
   9.4951000e+02
   9.4975000e+02
   9.5000000e+02
   9.5024000e+02
   9.5049000e+02
   9.5073000e+02
   9.5098000e+02
   9.5122000e+02
   9.5147000e+02
   9.5171000e+02
   9.5196000e+02
   9.5220000e+02
   9.5245000e+02
   9.5269000e+02
   9.5294000e+02
   9.5318000e+02
   9.5343000e+02
   9.5367000e+02
   9.5392000e+02
   9.5416000e+02
   9.5441000e+02
   9.5466000e+02
   9.5490000e+02
   9.5515000e+02
   9.5539000e+02
   9.5564000e+02
   9.5588000e+02
   9.5613000e+02
   9.5637000e+02
   9.5662000e+02
   9.5686000e+02
   9.5711000e+02
   9.5735000e+02
   9.5759000e+02
   9.5784000e+02
   9.5808000e+02
   9.5833000e+02
   9.5857000e+02
   9.5882000e+02
   9.5906000e+02
   9.5931000e+02
   9.5955000e+02
   9.5980000e+02
   9.6004000e+02
   9.6029000e+02
   9.6053000e+02
   9.6078000e+02
   9.6102000e+02
   9.6127000e+02
   9.6151000e+02
   9.6176000e+02
   9.6200000e+02
   9.6225000e+02
   9.6249000e+02
   9.6274000e+02
   9.6298000e+02
   9.6323000e+02
   9.6347000e+02
   9.6371000e+02
   9.6396000e+02
   9.6420000e+02
   9.6445000e+02
   9.6469000e+02
   9.6494000e+02
   9.6518000e+02
   9.6543000e+02
   9.6567000e+02
   9.6592000e+02
   9.6616000e+02
   9.6641000e+02
   9.6665000e+02
   9.6689000e+02
   9.6714000e+02
   9.6738000e+02
   9.6763000e+02
   9.6787000e+02
   9.6812000e+02
   9.6836000e+02
   9.6861000e+02
   9.6885000e+02
   9.6910000e+02
   9.6934000e+02
   9.6958000e+02
   9.6983000e+02
   9.7007000e+02
   9.7032000e+02
   9.7056000e+02
   9.7081000e+02
   9.7105000e+02
   9.7130000e+02
   9.7154000e+02
   9.7178000e+02
   9.7203000e+02
   9.7227000e+02
   9.7252000e+02
   9.7276000e+02
   9.7301000e+02
   9.7325000e+02
   9.7349000e+02
   9.7374000e+02
   9.7398000e+02
   9.7423000e+02
   9.7447000e+02
   9.7472000e+02
   9.7496000e+02
   9.7520000e+02
   9.7545000e+02
   9.7569000e+02
   9.7594000e+02
   9.7618000e+02
   9.7642000e+02
   9.7667000e+02
   9.7691000e+02
   9.7716000e+02
   9.7740000e+02
   9.7764000e+02
   9.7789000e+02
   9.7813000e+02
   9.7838000e+02
   9.7862000e+02
   9.7887000e+02
   9.7911000e+02
   9.7935000e+02
   9.7960000e+02
   9.7984000e+02
   9.8009000e+02
   9.8033000e+02
   9.8057000e+02
   9.8082000e+02
   9.8106000e+02
   9.8131000e+02
   9.8155000e+02
   9.8179000e+02
   9.8204000e+02
   9.8228000e+02
   9.8252000e+02
   9.8277000e+02
   9.8301000e+02
   9.8326000e+02
   9.8350000e+02
   9.8374000e+02
   9.8399000e+02
   9.8423000e+02
   9.8448000e+02
   9.8472000e+02
   9.8496000e+02
   9.8521000e+02
   9.8545000e+02
   9.8569000e+02
   9.8594000e+02
   9.8618000e+02
   9.8643000e+02
   9.8667000e+02
   9.8691000e+02
   9.8716000e+02
   9.8740000e+02
   9.8764000e+02
   9.8789000e+02
   9.8813000e+02
   9.8837000e+02
   9.8862000e+02
   9.8886000e+02
   9.8911000e+02
   9.8935000e+02
   9.8959000e+02
   9.8984000e+02
   9.9008000e+02
   9.9032000e+02
   9.9057000e+02
   9.9081000e+02
   9.9105000e+02
   9.9130000e+02
   9.9154000e+02
   9.9178000e+02
   9.9203000e+02
   9.9227000e+02
   9.9252000e+02
   9.9276000e+02
   9.9300000e+02
   9.9325000e+02
   9.9349000e+02
   9.9373000e+02
   9.9398000e+02
   9.9422000e+02
   9.9446000e+02
   9.9471000e+02
   9.9495000e+02
   9.9519000e+02
   9.9544000e+02
   9.9568000e+02
   9.9592000e+02
   9.9617000e+02
   9.9641000e+02
   9.9665000e+02
   9.9690000e+02
   9.9714000e+02
   9.9738000e+02
   9.9763000e+02
   9.9787000e+02
   9.9811000e+02
   9.9836000e+02
   9.9860000e+02
   9.9884000e+02
   9.9909000e+02
   9.9933000e+02
   9.9957000e+02
